min_weight: -4.329438943137732
max_weight: 4.9765350159706525
avg_weight: 0.24281561980591157
feature_count: 20
